genotype	AnthesistoSilkInterval	DaystoSilk	DaysToTassel	GDDAnthesistoSilkInterval	GDDDaystoSilk	GDDDaystoTassel
33-16	NA	NA	NA	NA	NA	NA
38-11Goodman-Buckler	1.05458288	81.32614284	80.27155996	16.91386616	969.4006369	960.1391891
4226	1.07698481	71.41377884	70.33679403	16.79100941	831.4978178	827.4760677
4722	2.20388665	80.62653751	78.42265086	33.47963345	966.7182445	936.7057774
A6	3.98886691	92.25699228	88.26812537	38.36235824	1077.725276	1038.764443
A188	0.32353605	65.79962543	65.47608938	10.94533319	744.9364217	745.0153274
A214NGoodman-Buckler	-0.56911715	86.48206551	87.05118266	-4.858244652	990.162011	1017.558568
A239	0.52963657	71.84324552	71.31360895	9.667353536	832.9165248	829.3921225
A441-5	1.71468489	81.49402314	79.77933825	27.89232347	971.8233574	948.1074033
A554	0.21098173	64.25274627	64.04176454	8.111682024	738.2429865	731.5568565
A556	-1.12297071	67.76505589	68.8880266	-3.544975715	764.2397545	783.4905172
A619	0.86182589	70.92728244	70.06545655	15.68425875	831.1425254	817.0235426
A632	0.96536515	70.10827427	69.14290912	19.28901601	835.2371543	811.6081832
A634	1.18129332	71.35528486	70.17399154	17.73368898	831.3676582	814.8015357
A635	2.86090491	74.28304885	71.42214394	43.93431342	891.7143006	848.8884554
A641	0.47993631	66.85520316	66.37526685	11.37765164	776.1648368	762.5442847
A654	0.04793102	64.52383553	64.47590451	11.68128766	726.1184204	716.7569405
A659	0.83593604	67.1569354	66.32099936	25.22490316	786.3040946	780.4142704
A661	1.8373187	66.09615323	64.25883453	25.59737448	757.7967782	726.5259645
A679	0.99210433	69.78296715	68.79086282	5.19722428	822.4482784	819.9459088
A680	0.3643519	74.55413811	74.18978621	10.24409356	882.6274157	875.2479261
A682	1.40069655	68.80704582	67.40634927	19.60421145	800.8044976	785.9498919
Ab28A	1.29679487	86.29612418	84.99932931	23.45133959	1028.494554	1018.296717
B2	1.17846362	74.44570241	73.26723879	21.0108778	852.2872585	844.1838464
B10	4.52450815	81.40276292	76.87825477	52.38284402	978.3215172	916.345767
B14A	2.07086055	75.48818613	73.41732558	36.30607033	878.1839389	840.5992258
B37	3.56310587	77.86142707	74.2983212	47.59440965	929.3712386	877.045265
B46	2.15170923	74.71679167	72.56508244	29.56765699	878.6384251	853.2865327
B52	-0.52409442	77.37335965	77.89745407	-7.466986212	903.2272597	930.6171942
B57	1.82972322	74.39148456	72.56176134	25.0309674	870.7531591	846.560992
B64	1.02722813	61.81294294	60.78571481	20.88267829	719.0887289	688.3613279
B68	2.85698246	80.59639825	77.73941579	46.56421475	957.5868386	906.9708134
B73	1.10022572	74.36703627	73.26681055	16.76795693	882.4110655	869.047169
B73Htrhm	1.01446968	75.74693085	74.73246117	21.14712966	891.7099172	870.3092195
B75	2.59016316	73.63243463	71.04227147	39.43359046	872.8853242	828.5719589
B76	1.67569747	73.17732826	71.50163079	21.85460645	864.1914793	842.9520548
B77	0.74343007	75.42162374	74.67819367	10.90933778	874.1127111	876.2441831
B79	0.90633185	75.31318804	74.40685619	14.84861273	890.1808288	878.0351531
B84	0.12496002	77.1909235	77.06596348	20.60485364	917.4719866	912.5281975
B97	2.42453098	76.72285218	74.2983212	37.66639269	917.2260266	868.715132
B103	0.6933823	70.81310634	70.11972404	12.25066689	824.2446859	817.2578518
B104	2.64234562	75.90958441	73.26723879	37.91006935	896.3272721	857.1674167
B105	1.77083884	79.43374477	77.66290593	21.1023545	939.2581122	923.118604
B109	0.52715439	74.55413811	74.02698372	17.25699729	874.5088865	860.8745768
B164	2.42850248	72.38542404	69.95692156	31.96183381	845.4472559	809.3067289
C49A	1.18849166	63.49369635	62.30520469	27.92273303	735.4583052	701.3011639
C103	2.22218113	77.70552777	75.48334664	36.22194828	933.4803638	889.4564435
C123	1.55069824	72.44758367	70.89688543	24.45610601	835.7312324	822.8273377
CH9	2.6995421	72.71073115	70.01118905	29.19772457	848.3870758	816.3978996
CH701-30	2.70172642	70.32514567	67.62341925	31.90558162	807.3687678	779.3287131
CI3A	2.3356334	78.71122473	76.37559133	32.7919259	931.4475047	904.3225967
Ci7Goodman-Buckler	0.38946459	80.6572103	80.26774571	18.27951142	947.3056273	936.8894065
CI21E	0.95881216	77.2650307	76.30621854	19.622041	924.3061166	907.9291846
CI28AGoodman-Buckler	2.09559987	80.35544825	78.25984838	24.43110517	945.5674098	924.8252264
CI31A	1.87694129	82.09041951	80.21347822	23.48753414	995.6013309	976.9018568
CI64	-0.56181952	78.51204129	79.07386081	0.743670054	924.594399	934.4280483
CI66	1.08775182	85.33966176	84.25190994	39.32777566	1017.721487	975.925032
Ci90CGoodman-Buckler	2.95230604	86.20476401	83.25245797	40.18474648	983.7095309	946.7818008
Ci91BGoodman-Buckler	1.64878405	79.42152444	77.77274039	27.89332568	934.164909	909.9651734
CI187-2	2.00741027	85.86760165	83.86019138	30.86181372	1005.204096	981.4793178
CM7	-0.06005789	63.92743916	63.98749705	3.803097495	713.7729786	731.0183988
CM37	0.40738671	59.49461721	59.0872305	10.89089067	647.8112022	643.0154122
CM105	1.48425721	64.63135876	63.14710155	26.98785743	752.5515001	717.9547742
CM174	1.39251553	65.54281506	64.15029953	31.8684095	779.0496658	736.7029602
CML5	-0.02969168	93.02795079	93.05764247	-0.183973452	1078.086822	1096.047482
CML10	4.67797897	93.17178458	88.49380561	48.95878156	1153.585786	1101.854628
CML11	2.49200036	92.5784295	90.08642914	27.53356813	1061.015217	1059.204487
CML14	2.85696937	96.75713916	93.90016979	32.04784251	1145.574191	1118.329422
CML38	2.70498459	90.43476012	87.72977553	37.29762404	1061.747585	1046.472597
CML45	3.20299946	101.7310206	98.52802114	16.06504613	1184.719489	1179.378122
CML52	-0.14171355	95.09917868	95.24089223	22.10565863	1154.576327	1133.817404
CML61	4.3844599	106.6377325	102.2532726	31.20602156	1090.060016	1070.142376
CML69	0.34116492	87.77222005	87.43105513	22.03278197	1034.909831	1021.810273
CML77	-3.2442859	79.45473712	82.69902302	12.96778175	954.6288057	965.3269248
CML91	1.6991408	85.92841369	84.22927289	30.5572866	1014.030016	986.599544
CML92	-1.28414295	84.06662632	85.35076927	14.97080396	977.4108799	978.1334233
CML103	-0.23824994	80.73497322	80.97322316	1.273199258	922.3620937	944.4342311
CML108	0.46305743	85.28927277	84.82621534	9.100097799	1002.660039	1005.00221
CML154Q	0.80964824	82.72481997	81.91517173	16.21186757	969.4448345	964.6755196
CML157Q	1.27692093	85.45192632	84.17500539	18.63125296	990.3813767	987.9006376
CML158Q	1.51197549	89.14638649	87.634411	33.46200337	1050.03362	1020.616564
CML218	-0.2460709	86.96221853	87.20828943	-0.05769197	988.3581194	1006.027847
CML220	1.50708025	81.31897797	79.81189772	19.92406149	897.2701994	891.1550812
CML228	-1.28674138	89.17789125	90.46463263	12.91374248	1036.459756	1051.45617
CML238	1.94370883	90.48908756	88.54537873	24.91402937	1044.16325	1035.114993
CML247	1.66521111	93.62310046	91.95788935	15.56676941	1078.487676	1073.452731
CML254	2.9602203	104.4548128	101.4945925	8.306726539	1145.391511	1190.213553
CML258	2.00925414	97.99372605	95.98447191	34.34530327	1156.280576	1120.722567
CML261	1.56891552	93.80385317	92.23493765	43.13091619	1094.777523	1084.044013
CML264	-3.68271076	94.5563554	98.23906616	12.62202407	1080.245638	1128.51271
CML277	-0.42989654	89.53316849	89.96306503	20.88503956	1067.434305	1065.026974
CML281	6.16482873	104.0995356	97.93470687	9.792897127	1063.056097	1068.508386
CML287	2.92647752	93.02795079	90.10147327	37.80661745	1095.610636	1088.895011
CML311	2.77292654	92.2520484	89.47912186	27.69444058	1088.270301	1067.046405
CML314	1.40837694	88.98191343	87.57353649	36.75064259	1018.508267	1004.235376
CML321	-1.87703802	90.48057448	92.3576125	10.21874292	1062.563246	1056.347575
CML322	2.330699	83.51537661	81.18467761	26.82977789	971.729334	953.6382463
CML323	1.51780438	83.73917993	82.22137555	25.53785271	972.806625	960.9179154
CML328	0.87474663	85.62742414	84.75267751	14.95683448	968.5167533	973.7507989
CML331	9.5045031	96.40186192	86.89735882	32.85098963	1048.617721	988.2995609
CML332	2.58840249	88.1989805	85.61057801	37.94951517	1006.828067	1004.076567
CML333	1.88158854	85.481685	83.60009646	39.26252032	1006.507112	989.0740416
CML341	-1.72094471	87.28627313	89.00721784	12.59938254	1004.469448	1036.029393
CMV3	1.78622841	62.62621072	60.83998231	12.60679979	684.6497658	671.4222329
CO106	1.5151888	62.30090361	60.78571481	19.83420046	699.401506	677.1920244
CO125	1.13402559	63.71056775	62.57654216	25.75576005	746.1545032	706.3512783
CO255	0.75678424	60.83702161	60.08023737	12.69359789	682.4500091	669.1487966
D940Y	2.40417489	89.51826521	87.11409032	38.04329817	1037.468653	1012.779237
DE-2	1.72004023	77.02657077	75.30653054	30.31071928	930.5960011	902.9567018
DE1	1.3710445	79.10354199	77.73249749	19.34024	938.0105326	923.8274407
DE811	1.39032101	80.13857685	78.74825584	17.07310389	968.9407084	954.9725167
E2558W	1.99403366	81.44776694	79.45373328	46.61549224	968.3763166	929.4226135
EP1	1.83945339	63.76478561	61.92533222	22.60962446	718.9881831	701.8580031
F6	0.78263524	87.96831343	87.18567819	13.50857868	1058.539498	1058.155851
F7	0.32338893	60.02375383	59.7003649	13.08843423	668.074947	656.8018745
F44	3.05325628	87.93373911	84.88048283	41.5615607	1044.126428	1016.816681
F2834T	1.93493207	78.02408063	76.08914856	23.71907051	909.8890861	889.8699524
GA209	5.01409494	90.82922015	85.81512521	42.20509852	1055.226098	1025.752806
GT112	0.59892207	89.39751913	88.79859706	9.093581426	1074.358167	1078.624813
H49	1.07037542	73.95774174	72.88736632	21.53131373	874.4428028	851.6496093
H84	2.48447057	77.35108602	74.86661545	44.47073833	933.7493757	882.7241568
H91	1.44846072	75.90958441	74.46112369	16.71160948	891.9868086	873.4287677
H95	2.2066667	77.59033781	75.38367111	27.23628521	924.7316965	892.9522057
H99	1.05051397	71.71023053	70.65971656	16.17191634	833.6971022	825.0319865
H105W	2.31947106	72.92760256	70.6081315	31.72919096	860.9996778	828.28501
Hi27Goodman-Buckler	0.02539276	89.13874025	89.11334749	6.692939115	1026.091132	1044.833283
HP301	1.8282339	76.01802011	74.18978621	24.4885363	876.6105161	857.0525504
I29	0.86015629	66.4756782	65.61552191	13.17255622	763.5119766	757.1906455
I137TN	1.12616102	81.92042272	80.7942617	18.61117969	971.4313007	964.1483533
I205	1.28665111	74.82522737	73.53857626	22.04037866	881.7495858	864.3728055
i1677a	4.86917525	80.61166399	75.74248874	41.75631795	937.6041736	889.8805539
IA2132Goodman-Buckler	1.50868546	69.40344219	67.89475673	16.06500095	805.2732238	793.1056135
Ia5125	1.31701142	71.22105971	69.90404829	20.13095438	847.679558	825.8963375
IDS28	2.15493103	74.82522737	72.67029634	29.1230901	876.0417314	848.886979
IDS69	1.44647497	78.07829848	76.63182351	23.71530764	919.8967356	897.3282892
IDS91	2.10190464	73.46978108	71.36787644	30.42372233	867.60704	833.5718649
Il14H	1.23215653	70.17809297	68.94593644	18.44370776	820.8299054	804.3653505
Il101	2.81041035	70.16249212	67.35208177	26.0522019	803.0629415	778.1254472
ILLHy	2.21837126	77.64455567	75.42618441	41.34959806	936.1553513	895.0578556
K4	2.08837984	83.33294047	81.24456063	25.86283159	979.5662713	959.7344627
K55	1.71815996	77.69877352	75.98061356	19.34487857	898.7237141	888.405259
K64	1.0630778	81.92776596	80.86468816	19.53134828	990.1506192	978.2381873
K148	3.41476945	78.81340395	75.3986345	52.68415338	946.084034	887.7157092
KI3	2.31296957	84.71217271	82.39920314	24.42288518	990.7646103	981.2412157
Ki11	1.7769151	91.29268061	89.51576551	16.15629698	1026.352462	1022.350042
Ki14	5.44825693	96.75713916	91.30888223	55.06795504	1070.376746	1037.96252
Ki21	-1.4932164	83.15834361	84.65156001	10.70732983	985.4940185	986.3307541
Ki43	0.51463075	85.56912277	85.05449202	12.07292314	1016.942768	1013.468351
Ki44	1.34091709	89.88844574	88.54752865	46.64919904	1069.795274	1039.12896
Ki2021	-1.11266046	90.12529724	91.2379577	25.13909216	1059.313398	1028.288932
Ky21	3.11847364	84.99387966	81.87540602	45.17404	1027.462018	982.1905764
KY226	0.96978427	81.4719953	80.50221103	20.97074696	943.1079477	932.8016286
KY228	3.50427115	82.84946944	79.34519829	48.66554224	1010.849093	954.8318207
L317	3.67020119	79.43374477	75.76354358	49.170456	951.9246599	897.2771163
L578	0.38451152	85.88831467	85.50380315	18.83507395	1036.104506	1024.80929
M14	1.452184	71.84324552	70.39106152	23.91138651	837.1210276	817.3495442
M37W	3.76385978	80.65840141	76.89454163	37.80236441	947.982722	908.673915
M162W	-0.95758637	84.54918145	85.50676782	-8.786213037	999.7672046	1021.08759
MEF156-55-2	-0.71082104	63.43947849	64.15029953	-1.013880726	712.0368504	730.9368858
MO1W	2.75008632	76.77707004	74.02698372	37.86504806	905.7589522	872.3871923
Mo17	2.67340474	74.55645866	71.88305392	38.70954322	876.4919355	836.6343173
Mo18W	2.57367361	88.21390138	85.64022777	42.39580542	1044.834064	1011.579255
Mo24W	4.04838578	81.27715174	77.22876596	53.74009966	974.0185039	918.8236959
Mo44	2.98903117	74.61344605	71.62441488	44.04286858	882.291701	835.7419639
Mo45	2.38102481	77.80720922	75.42618441	19.18280621	905.6750645	891.6863374
Mo46	3.77893476	79.21687337	75.43793861	44.70381336	945.2364594	895.0174934
Mo47	0.85608549	70.92154204	70.06545655	10.05491328	823.1729366	816.6463063
MoG	2.36773166	79.48796263	77.12023097	30.75421657	945.0879416	916.7371317
Mp339	1.70392318	83.64049944	81.93657626	32.07983415	1010.292141	984.5300898
Ms71	0.80241372	70.27092782	69.4685141	21.66700597	832.0830126	807.5478337
MS153	1.34464189	70.75888849	69.4142466	21.04747078	834.5025968	812.9216151
MS1334	0.74148648	64.97403931	64.23255283	-2.13453191	729.005619	736.4133979
Mt42	1.08149563	61.81294294	60.73144731	22.95224624	688.0575231	681.5207713
N6	1.67101066	73.8462608	72.17525014	31.09606719	861.1208606	827.8827079
N7A	0.51402021	74.2111331	73.69711289	11.8584798	867.1314069	857.0018962
N28Ht	0.63504401	75.25897019	74.62392618	10.28374607	896.2207202	878.9259726
N192	1.07593552	67.88534234	66.80940682	19.25841902	801.9880462	776.4774383
NC33	3.71707177	87.51220469	83.79513292	40.14428194	1032.743404	1001.802054
NC222	1.02461721	84.16751369	83.14289648	28.2605876	1012.477031	987.6318349
NC230	0.95538675	81.00606248	80.05067573	21.1413507	962.8397125	944.5056231
NC232	1.76828449	81.61075821	79.84247372	29.15866123	974.3777317	947.0600825
NC236	0.30660918	82.27969075	81.97308157	11.70834706	977.1674581	975.9051393
NC238	2.5321943	90.81985221	88.28765791	27.84659492	1097.998773	1076.492227
NC250	0.37799145	75.74330135	75.3653099	30.31043972	898.8571807	877.8430055
NC258	-0.02078281	80.3012304	80.32201321	2.336649084	935.5424348	949.4154364
NC260	2.8235664	77.799044	74.9754776	43.22910922	906.9000563	867.4223215
NC262	2.64418551	71.42613046	68.78194495	38.37841911	853.0894434	803.4782855
NC264	2.04361599	77.86142707	75.81781108	29.0419859	922.6273841	895.0061909
NC290A	1.99978105	80.08280361	78.08302256	32.84669459	935.287302	910.9153285
NC294	2.9643266	79.86748759	76.90316099	38.88257931	947.7114435	909.2860049
NC296	0.73672816	82.74103373	82.00430557	12.83244371	957.4813442	957.2111784
NC296A	0.90461758	81.78195797	80.87734039	22.34585053	951.8842121	945.8169358
NC298	-0.08037312	82.73717159	82.81754471	9.14611498	957.3263304	976.6310752
NC300	0.41180848	85.63352248	85.221714	13.24647594	1005.707194	1000.663507
NC302	1.11952962	79.54218048	78.42265086	17.58699844	926.374553	915.6638179
NC304	1.4795177	82.48157178	81.00205408	18.31686057	936.7899271	939.0536935
NC306	0.09092939	76.83128789	76.7403585	8.464890751	908.4144813	910.3786432
NC310	1.44890751	75.42162374	73.97271623	18.80204347	894.3295716	877.0202483
NC314	0.85218359	76.64361506	75.79143147	26.69561766	907.7948204	884.0642233
NC318	0.41281107	80.89762677	80.4848157	12.88181938	960.7826075	952.6304985
NC320	0.84650425	81.38558744	80.53908319	13.29342017	973.0326713	966.8727994
NC324	1.86487885	76.8981144	75.03323555	29.48877821	929.3955818	891.4866139
NC326	0.81161516	78.52878858	77.71717342	24.73516359	930.6631879	912.8148481
NC328	0.88193035	75.63849515	74.7565648	10.31228417	908.0924112	897.8505498
NC336	1.22146199	86.75315477	85.53169278	15.58336693	993.7497097	993.633243
NC338	-0.72058599	82.74103373	83.46161972	4.648171995	959.410767	975.0436735
NC340	1.96379424	83.10870614	81.1449119	21.75835791	962.5793417	945.7109329
NC342	0.68802077	76.66863433	75.98061356	13.72331941	900.2406652	891.555
NC344	0.5772518	79.10843766	78.53118586	12.49584359	942.7265704	933.2949446
NC346	1.174583	83.02888022	81.85429722	14.51021069	958.4662682	956.9032918
NC348	0.57625893	80.1927947	79.61653577	2.655428981	928.646313	939.4056759
NC350	1.2801006	81.87345129	80.59335069	15.54894175	938.0987477	939.4223984
NC352	1.37536249	87.01559026	85.64022777	38.21451539	1039.938286	1002.684205
NC354	-0.71215204	82.66400793	83.37615997	-2.054329021	970.4908361	984.41801
NC356	0.84680211	81.06028033	80.21347822	14.63524176	945.0308345	936.1921045
NC358	0.56755308	79.33835909	78.77080601	5.710760127	915.3018358	917.8796523
NC360	-1.10598378	80.13857685	81.24456063	-9.691321518	939.556712	966.113647
NC362	2.296848	78.65041268	76.35356468	34.22602184	928.8386162	899.3769387
NC364	0.90553755	76.18067367	75.27513612	20.58500954	897.2981348	885.6084634
NC366	0.34015346	86.47572214	86.13556868	12.97786575	1017.863288	1011.203892
NC368	1.48122048	77.69877352	76.21755304	21.65780498	925.8545002	908.9588841
ND246	1.19008026	61.75872509	60.56864483	22.11648627	719.3989306	687.1522016
OH7B	0.79607201	83.37430763	82.57823562	14.60345733	1008.676093	1002.60478
Oh40B	3.45526589	77.10237715	73.64711126	42.36698056	933.9824507	880.5525605
Oh43	1.50828832	69.83718501	68.32889669	16.82967315	816.079905	802.0012693
Oh43E	1.71515511	74.07006411	72.354909	19.48444986	859.3200076	838.0351061
Oh603	4.11279382	83.54221857	79.42942475	57.76738751	967.1630547	896.9131326
Os420	2.80797781	72.81916686	70.01118905	35.86632852	859.5530093	823.199076
P39Goodman-Buckler	2.21684367	66.4756782	64.25883453	23.44078885	770.1562273	742.4848666
Pa91	3.9943665	81.00606248	77.01169598	39.69184338	974.4634009	920.5075955
Pa762	0.68936115	75.20475233	74.51539118	14.21938583	884.5913286	876.7324046
Pa875	1.44311073	76.74964127	75.30653054	20.1947671	898.7643742	883.1188259
Pa880	3.39985659	78.34938774	74.94953115	32.14486033	918.0448287	885.5317483
R4	2.85941561	75.90958441	73.0501688	35.1714369	895.0944889	860.923283
R109B	1.22784673	74.37412436	73.14627763	20.4698804	875.8298829	856.6942915
R168	-0.71608327	69.18657079	69.90265406	0.737599601	797.9017501	804.9539112
R177	3.1852688	75.63849515	72.45322635	45.8090757	915.6185177	858.0718758
R229	2.0974367	78.34938774	76.25195104	30.75056519	939.7863969	905.3295433
SA24	2.47770631	77.91564492	75.43793861	30.56346853	924.8568565	898.5796752
SC55	2.11931003	88.25825436	86.13894433	12.38498842	1017.254459	1023.466959
SC213R	2.32310896	90.62164308	88.29853412	29.0025945	1064.266766	1055.805107
SC357	-0.07768142	83.17477655	83.25245797	4.538965232	981.2859915	994.0381755
SD40	1.61240502	74.66257382	73.0501688	26.42117078	870.892753	845.0068552
SD44	1.78136332	67.93956019	66.15819687	30.32156161	792.3287699	754.3100729
Sg18	2.36000568	79.80584162	77.44583594	40.97001824	924.4997332	893.1448052
Sg1533	1.88081351	77.86142707	75.98061356	24.86210267	904.2497546	890.3579034
T8	0.48223705	77.31924855	76.8370115	4.571599055	905.8549762	913.0019865
T232	1.72113659	81.09524627	79.37410968	34.90289074	969.8576624	937.971958
T234	1.51843101	81.84044422	80.32201321	31.09862438	999.514335	964.8327992
Tx303	-0.87745894	81.64349322	82.52095216	38.32527038	975.3629152	980.992023
Tx601	0.0980742	90.26873635	90.17066215	33.81949112	1057.644154	1035.796629
Tzi8	3.719115	91.04119847	87.32208347	37.81650264	1046.88204	1011.38022
Tzi9	-0.24162571	84.42178714	84.66341285	-5.684357584	959.7741101	983.916748
Tzi10	0.5648465	91.01060458	90.44575808	48.82168136	1089.180352	1061.153506
Tzi11	4.07085815	86.99532065	82.9244625	45.52997163	998.2572462	949.5432792
Tzi16	-0.12956602	80.57231966	80.70188568	2.017421689	961.9728332	975.1444366
Tzi18	0.72967016	85.25948115	84.52981099	10.37960578	989.6229306	997.198488
Tzi25	1.87634557	82.74103373	80.86468816	26.46191436	978.451086	957.7132878
U267Y	2.30613302	86.67909471	84.37296169	34.34979944	1046.332118	1014.703657
Va14	1.58716002	80.15126903	78.56410901	21.14146463	942.6944445	925.9553089
Va17	1.93602424	76.83128789	74.89526365	21.20238725	911.1053495	887.869415
Va22	2.07761685	78.29516989	76.21755304	26.13515402	928.1487734	894.8971714
Va26	0.09569519	71.62637412	71.53067893	6.211751773	839.6643387	838.5805804
Va35	0.5274026	74.28304885	73.75564625	11.92427116	886.6925389	879.8564781
Va59	1.39732078	72.49385974	71.09653896	21.98762174	865.9804354	842.3021595
Va85	2.09172689	77.08831328	74.99658639	34.92150666	882.5647017	848.8978004
Va99	2.53326455	76.50598078	73.97271623	29.35122894	901.4015015	880.8617072
VA102	0.36723124	71.40950271	71.04227147	9.12213814	845.3374578	842.7136235
VaW6	1.04512977	74.293475	73.24834523	22.62878575	876.2494951	857.9856281
W22	1.28699861	74.44570241	73.1587038	22.22309998	874.7274475	851.0712126
W64A	2.96939027	74.33726671	71.36787644	35.25540985	862.4053661	829.5481861
W117Ht	0.20929384	66.09615323	65.88685939	15.46631653	757.5689137	738.788462
W153R	0.96471977	70.81310634	69.84838657	21.49894779	827.167057	808.7236802
W182B	-0.16660713	61.75872509	61.92533222	1.913992624	707.2264347	695.4009821
WD	-0.6545678	61.27076442	61.92533222	-4.88867119	687.2058223	696.707934
Wf9	1.29367857	71.78902767	70.4953491	18.76152196	837.7373838	813.8082504
Yu796	0.6935193	72.71073115	72.01721185	7.777009809	851.8980902	845.003599
